function  Pressure= fun_DenToPre( Density )
%UNTITLED2 Summary of this function goes here
%   Detailed explanation goes here


PreToDen=[0,0.804319322358195;0.500000000000000,0.804580414133290;1,0.804841167443549;1.50000000000000,0.805101600127811;2,0.805361696270515;2.50000000000000,0.805621473606258;3,0.805880916306763;3.50000000000000,0.806140025340364;4,0.806398818285899;4.50000000000000,0.806657279445606;5,0.806915409775028;5.50000000000000,0.807173210225436;6,0.807430681743849;6.50000000000000,0.807687825273067;7,0.807944641751691;7.50000000000000,0.808201132114152;8,0.808457297290733;8.50000000000000,0.808713122016159;9,0.808968623444826;9.50000000000000,0.809223802494553;10,0.809478644027114;10.5000000000000,0.809733165044604;11,0.809987350493200;11.5000000000000,0.810241201361475;12,0.810494734499144;12.5000000000000,0.810747934978525;13,0.811000803774913;13.5000000000000,0.811253341859167;14,0.811505550197742;14.5000000000000,0.811757445389633;15,0.812008997123562;15.5000000000000,0.812260221984995;16,0.812511120923027;16.5000000000000,0.812761694882481;17,0.813011944803930;17.5000000000000,0.813261856258745;18,0.813511445583646;18.5000000000000,0.813760698431732;19,0.814009631040613;19.5000000000000,0.814258229144400;20,0.814506508882522;20.5000000000000,0.814754456069397;21,0.815002071695481;21.5000000000000,0.815249356746666;22,0.815496312204302;22.5000000000000,0.815742939045228;23,0.815989238241799;23.5000000000000,0.816235210761918;24,0.816480857569057;24.5000000000000,0.816726179622290;25,0.816971163178479;25.5000000000000,0.817215823924519;26,0.817460162806276;26.5000000000000,0.817704166197956;27,0.817947849642406;27.5000000000000,0.818191199591723;28,0.818434217056256;28.5000000000000,0.818676903041625;29,0.818919258548742;29.5000000000000,0.819161298880523;30,0.819403010683085;30.5000000000000,0.819644394943582;31,0.819885438466386;31.5000000000000,0.820126156445971;32,0.820366549855645;32.5000000000000,0.820606619664218;33,0.820846352828012;33.5000000000000,0.821085764352491;34,0.821324841269667;34.5000000000000,0.821563584610540;35,0.821802009238960;35.5000000000000,0.822040102299929;36,0.822277864809994;36.5000000000000,0.822515297780891;37,0.822752402219571;37.5000000000000,0.822989179128233;38,0.823225629504355;38.5000000000000,0.823461754340720;39,0.823697541121828;39.5000000000000,0.823933004371820;40,0.824168145069414;40.5000000000000,0.824402950808750;41,0.824637435975941;41.5000000000000,0.824871588237846;42,0.825105408632493;42.5000000000000,0.825338898192919;43,0.825572057947197;43.5000000000000,0.825804888918472;44,0.826037392124992;44.5000000000000,0.826269568580140;45,0.826501419292464;45.5000000000000,0.826732945265710;46,0.826964134568077;46.5000000000000,0.827195001160642;47,0.827425533182592;47.5000000000000,0.827655744504495;48,0.827885623335876;48.5000000000000,0.828115170727696;49,0.828344400415656;49.5000000000000,0.828573300714213;50,0.828801872659237;50.5000000000000,0.829030117281582;51,0.829258023075865;51.5000000000000,0.829485603629977;52,0.829712859959739;52.5000000000000,0.829939780663152;53,0.830166379194431;53.5000000000000,0.830392644220104;54,0.830618589105885;54.5000000000000,0.830844202586194;55,0.831069485721385;55.5000000000000,0.831294439566589;56,0.831519065171747;56.5000000000000,0.831743363581644;57,0.831967335835948;57.5000000000000,0.832190970945844;58,0.832414281999068;58.5000000000000,0.832637270019963;59,0.832859924119337;59.5000000000000,0.833082245384651;60,0.833304246729155;60.5000000000000,0.833525917362994;61,0.833747258357567;61.5000000000000,0.833968270778932;62,0.834188955687844;62.5000000000000,0.834409314139791;63,0.834629347185025;63.5000000000000,0.834849044301947;64,0.835068418131120;64.5000000000000,0.835287458215616;65,0.835506177110147;65.5000000000000,0.835724564421850;66,0.835942621240829;66.5000000000000,0.836160348651685;67,0.836377747733546;67.5000000000000,0.836594819560105;68,0.836811565199662;68.5000000000000,0.837027985715153;69,0.837244071006798;69.5000000000000,0.837459833317644;70,0.837675262610569;70.5000000000000,0.837890359997230;71,0.838105137593866;71.5000000000000,0.838319585456717;72,0.838533704680628;72.5000000000000,0.838747496354862;73,0.838960950698109;73.5000000000000,0.839174079686702;74,0.839386884393221;74.5000000000000,0.839599355127893;75,0.839811503741984;75.5000000000000,0.840023320606326;76,0.840234806840114;76.5000000000000,0.840445963556750;77,0.840656791863884;77.5000000000000,0.840867292863449;78,0.841077467651707;78.5000000000000,0.841287317319285;79,0.841496832515111;79.5000000000000,0.841706024786904;80,0.841914884842683;80.5000000000000,0.842123413817974;81,0.842331612842356;81.5000000000000,0.842539493299622;82,0.842747035789842;82.5000000000000,0.842954251682586;83,0.843161142084040;83.5000000000000,0.843367708094644;84,0.843573940722437;84.5000000000000,0.843779841122906;85,0.843985420462425;85.5000000000000,0.844190669835106;86,0.844395590378322;86.5000000000000,0.844600183223442;87,0.844804449495867;87.5000000000000,0.845008380469047;88,0.845211987133899;88.5000000000000,0.845415260820079;89,0.845618212438290;89.5000000000000,0.845820833373843;90,0.846023124781423;90.5000000000000,0.846225087809540;91,0.846426723600573;91.5000000000000,0.846628033290818;92,0.846829008468449;92.5000000000000,0.847029659830516;93,0.847229979019768;93.5000000000000,0.847429976654209;94,0.847629644430623;94.5000000000000,0.847828983512611;95,0.848027995057494;95.5000000000000,0.848226670906772;96,0.848425021545372;96.5000000000000,0.848623048111879;97,0.848820742527411;97.5000000000000,0.849018105981310;98,0.849215139656404;98.5000000000000,0.849411844729057;99,0.849608222369212;99.5000000000000,0.849804273740444;100,0.850000000000000;100.500000000000,0.850195726259556;101,0.850391119651324;101.500000000000,0.850586190330695;102,0.850780930518050;102.500000000000,0.850975341406611;103,0.851169424183011;103.500000000000,0.851363180027351;104,0.851556601324158;104.500000000000,0.851749698059152;105,0.851942462667413;105.500000000000,0.852134905057896;106,0.852327017715723;106.500000000000,0.852518801842836;107,0.852710258634482;107.500000000000,0.852901389279265;108,0.853092186422408;108.500000000000,0.853282659805105;109,0.853472802121667;109.500000000000,0.853662614594339;110,0.853852098438474;110.500000000000,0.854041254862585;111,0.854230085068401;111.500000000000,0.854418581931693;112,0.854606754988543;112.500000000000,0.854794597162577;113,0.854982109687730;113.500000000000,0.855169293790911;114,0.855356150692058;114.500000000000,0.855542681604195;115,0.855728879628397;115.500000000000,0.855914754097233;116,0.856100298158386;116.500000000000,0.856285513055655;117,0.856470400025698;117.500000000000,0.856654960298082;118,0.856839195095342;118.500000000000,0.857023097738520;119,0.857206669494022;119.500000000000,0.857389911620891;120,0.857572825370864;120.500000000000,0.857755411988427;121,0.857937672710876;121.500000000000,0.858119608768368;122,0.858301213696999;122.500000000000,0.858482488769589;123,0.858663435251498;123.500000000000,0.858844054400689;124,0.859024347467781;124.500000000000,0.859204308155649;125,0.859383945267954;125.500000000000,0.859563252550809;126,0.859742231281611;126.500000000000,0.859920882730219;127,0.860099200763300;127.500000000000,0.860277194058438;128,0.860454856524684;128.500000000000,0.860632189457482;129,0.860809194144550;129.500000000000,0.860985871865937;130,0.861162223894094;130.500000000000,0.861338244297964;131,0.861513934389813;131.500000000000,0.861689302613236;132,0.861864335987726;132.500000000000,0.862039042939803;133,0.862213424750488;133.500000000000,0.862387475665897;134,0.862561197005824;134.500000000000,0.862734590082052;135,0.862907656198418;135.500000000000,0.863080396650874;136,0.863252805839178;136.500000000000,0.863424885097209;137,0.863596635750674;137.500000000000,0.863768059117173;138,0.863939156506270;138.500000000000,0.864109922468578;139,0.864280365074295;139.500000000000,