function  Pressure = fun_ThetaToV( Density )
%UNTITLED2 Summary of this function goes here
%   Detailed explanation goes here


PreToDen=[0,20;0.0100000000000000,20.0019634954085;0.0200000000000000,20.0098174770425;0.0300000000000000,20.0215984494934;0.0400000000000000,20.0373064127614;0.0500000000000000,20.0589048622548;0.0600000000000000,20.0844303025652;0.0700000000000000,20.1158462291011;0.0800000000000000,20.1511891464540;0.0900000000000000,20.1924225500324;0.100000000000000,20.2375829444277;0.110000000000000,20.2866703296401;0.120000000000000,20.3416482010779;0.130000000000000,20.4005530633327;0.140000000000000,20.4633849164045;0.150000000000000,20.5321072557018;0.160000000000000,20.6047565858160;0.170000000000000,20.6832964021558;0.180000000000000,20.7657632093125;0.190000000000000,20.8521570072862;0.200000000000000,20.9444412914854;0.210000000000000,21.0406525665016;0.220000000000000,21.1427543277433;0.230000000000000,21.2468195843934;0.240000000000000,21.3587388226776;0.250000000000000,21.4726215563702;0.260000000000000,21.5923947762883;0.270000000000000,21.7160949870234;0.280000000000000,21.8456856839840;0.290000000000000,21.9792033717616;0.300000000000000,22.1166480503561;0.310000000000000,22.2580197197677;0.320000000000000,22.4052818754047;0.330000000000000,22.5564710218587;0.340000000000000,22.7115871591297;0.350000000000000,22.8725937826262;0.360000000000000,23.0375273969396;0.370000000000000,23.2063880020701;0.380000000000000,23.3791755980175;0.390000000000000,23.5578536801904;0.400000000000000,23.7404587531804;0.410000000000000,23.9269908169872;0.420000000000000,24.1174498716111;0.430000000000000,24.3137994124605;0.440000000000000,24.5121124487183;0.450000000000000,24.7163159712017;0.460000000000000,24.9244464845020;0.470000000000000,25.1365039886193;0.480000000000000,25.3544519789621;0.490000000000000,25.5743634647134;0.500000000000000,25.8001654366902;0.510000000000000,26.0298943994839;0.520000000000000,26.2635503530947;0.530000000000000,26.4991698021139;0.540000000000000,26.7406797373586;0.550000000000000,26.9880801588288;0.560000000000000,27.2374440757075;0.570000000000000,27.4907349834032;0.580000000000000,27.7479528819158;0.590000000000000,28.0090977712455;0.600000000000000,28.2761331468006;0.610000000000000,28.5451320177642;0.620000000000000,28.8180578795448;0.630000000000000,29.0949107321424;0.640000000000000,29.3756905755570;0.650000000000000,29.6603974097886;0.660000000000000,29.9490312348372;0.670000000000000,30.2415920507027;0.680000000000000,30.5380798573853;0.690000000000000,30.8384946548848;0.700000000000000,31.1408729477928;0.710000000000000,31.4491417269263;0.720000000000000,31.7593740014683;0.730000000000000,32.0735332668273;0.740000000000000,32.3916195230032;0.750000000000000,32.7116692745877;0.760000000000000,33.0376095123976;0.770000000000000,33.3655132456161;0.780000000000000,33.6973439696515;0.790000000000000,34.0311381890954;0.800000000000000,34.3688593993563;0.810000000000000,34.7105076004342;0.820000000000000,35.0560827923291;0.830000000000000,35.4036214796325;0.840000000000000,35.7550871577528;0.850000000000000,36.1104798266902;0.860000000000000,36.4678359910360;0.870000000000000,36.8271556507903;0.880000000000000,37.1923657967701;0.890000000000000,37.5575759427500;0.900000000000000,37.9286765749553;0.910000000000000,38.2997772071605;0.920000000000000,38.6767683255913;0.930000000000000,39.0537594440221;0.940000000000000,39.4346775532699;0.950000000000000,39.8195226533346;0.960000000000000,40.2063312488078;0.970000000000000,40.5951033396896;0.980000000000000,40.9878024213883;0.990000000000000,41.3824649984955;1,41.7810545664197;1.01000000000000,42.1796441343439;1.02000000000000,42.5821606930851;1.03000000000000,42.9866407472348;1.04000000000000,43.3950477922015;1.05000000000000,43.8054183325767;1.06000000000000,44.2177523683603;1.07000000000000,44.6320498995525;1.08000000000000,45.0483109261531;1.09000000000000,45.4665354481623;1.10000000000000,45.8886869609884;1.11000000000000,46.3108384738145;1.12000000000000,46.7369169774576;1.13000000000000,47.1649589765092;1.14000000000000,47.5930009755609;1.15000000000000,48.0249699654294;1.16000000000000,48.4589024507065;1.17000000000000,48.8947984313921;1.18000000000000,49.3306944120777;1.19000000000000,49.7705173835803;1.20000000000000,50.2103403550829;1.21000000000000,50.6540903174024;1.22000000000000,51.0978402797220;1.23000000000000,51.5435537374500;1.24000000000000,51.9912306905866;1.25000000000000,52.4389076437231;1.26000000000000,52.8905115876766;1.27000000000000,53.3421155316302;1.28000000000000,53.7956829709922;1.29000000000000,54.2492504103542;1.30000000000000,54.7047813451248;1.31000000000000,55.1622757753038;1.32000000000000,55.6217337008913;1.33000000000000,56.0811916264788;1.34000000000000,56.5406495520663;1.35000000000000,57.0020709730623;1.36000000000000,57.4654558894668;1.37000000000000,57.9288408058713;1.38000000000000,58.3941892176843;1.39000000000000,58.8595376294973;1.40000000000000,59.3268495367187;1.41000000000000,59.7941614439402;1.42000000000000,60.2614733511617;1.43000000000000,60.7307487537917;1.44000000000000,61.2000241564217;1.45000000000000,61.6692995590516;1.46000000000000,62.1405384570901;1.47000000000000,62.6117773551285;1.48000000000000,63.0830162531670;1.49000000000000,63.5562186466140;1.50000000000000,64.0274575446525;1.51000000000000,64.5006599380994;1.52000000000000,64.9738623315464;1.53000000000000,65.4470647249933;1.54000000000000,65.9202671184403;1.55000000000000,66.3934695118873;1.56000000000000,66.8666719053342;1.57000000000000,67.3418377941897;1.58000000000000,67.8150401876367;1.59000000000000,68.2882425810836;1.60000000000000,68.7634084699391;1.61000000000000,69.2366108633860;1.62000000000000,69.7098132568330;1.63000000000000,70.1830156502800;1.64000000000000,70.6562180437269;1.65000000000000,71.1274569417654;1.66000000000000,71.6006593352124;1.67000000000000,72.0718982332508;1.68000000000000,72.5431371312893;1.69000000000000,73.0143760293278;1.70000000000000,73.4836514319577;1.71000000000000,73.9529268345877;1.72000000000000,74.4222022372177;1.73000000000000,74.8895141444392;1.74000000000000,75.3568260516607;1.75000000000000,75.8241379588821;1.76000000000000,76.2894863706951;1.77000000000000,76.7548347825081;1.78000000000000,77.2182196989126;1.79000000000000,77.6816046153171;1.80000000000000,78.1430260363131;1.81000000000000,78.6044474573091;1.82000000000000,79.0639053828966;1.83000000000000,79.5233633084841;1.84000000000000,79.9808577386631;1.85000000000000,80.4363886734336;1.86000000000000,80.8919196082042;1.87000000000000,81.3454870475662;1.88000000000000,81.7970909915197;1.89000000000000,82.2467314400648;1.90000000000000,82.6963718886098;1.91000000000000,83.1440488417463;1.92000000000000,83.5897622994744;1.93000000000000,84.0335122617940;1.94000000000000,84.4772622241135;1.95000000000000,84.9170851956161;1.96000000000000,85.3569081671187;1.97000000000000,85.7947676432127;1.98000000000000,86.2306636238983;1.99000000000000,86.6645961091754;2,87.0965650990440;2.01000000000000,87.5265705935041;2.02000000000000,87.9526490971472;2.03000000000000,88.3787276007903;2.04000000000000,88.8028426090250;2.05000000000000,89.2249941218511;2.06000000000000,89.6432186438602;2.07000000000000,90.0614431658694;2.08000000000000,90.4757406970615;2.09000000000000,90.8880747328452;2.10000000000000,91.2984452732203;2.11000000000000,91.7068523181870;2.12000000000000,92.1113323723367;2.13000000000000,92.5138489310779;2.14000000000000,92.9144019944106;2.15000000000000,93.3129915623348;2.16000000000000,93.7076541394420;2.17000000000000,94.1003532211408;2.18000000000000,94.4910888074310;2.19000000000000,94.8778974029042;2.20000000000000,95.2627425029690;2.21000000000000,95.6436606122167;2.22000000000000,96.0226152260560;2.23000000000000,96.3976428490783;2.24000000000000,96.7707069766921;2.25000000000000,97.1418076088974;2.26000000000000,97.5089812502857;2.27000000000000,97.8722279008570;2.28000000000000,98.2335110560198;2.29000000000000,